TRACK_ID,TIMESTAMP,V,X,Y,YAW
0628920ea59145eda9cda7e57b449566,1537297573898575,0.0,1010.983,1787.669,0.0
0628920ea59145eda9cda7e57b449566,1537297574398457,0.0179847179568295,1010.983,1787.669,147.18400000007958
0628920ea59145eda9cda7e57b449566,1537297574898882,0.0189511364395817,1010.983,1787.669,147.18400000007958
0628920ea59145eda9cda7e57b449566,1537297575448535,0.0199970185918991,1010.983,1787.669,147.18400000007958
0628920ea59145eda9cda7e57b449566,1537297575948965,0.0199942163389595,1010.983,1787.669,147.18400000007958
0628920ea59145eda9cda7e57b449566,1537297576448825,0.0200051225664396,1010.983,1787.669,147.18400000007958
0628920ea59145eda9cda7e57b449566,1537297576948709,0.0,1010.983,1787.669,147.18400000007958
0628920ea59145eda9cda7e57b449566,1537297577548663,0.0255494541200727,1010.983,1787.669,147.18400000007958
0628920ea59145eda9cda7e57b449566,1537297578048554,0.0250057727410822,1010.983,1787.669,147.18400000007958
0628920ea59145eda9cda7e57b449566,1537297578548431,0.024565434217975,1010.983,1787.669,147.18400000007958
0628920ea59145eda9cda7e57b449566,1537297578948224,0.0032290661405605,1010.983,1787.669,147.18400000007958
0628920ea59145eda9cda7e57b449566,1537297579448079,0.0249915606219524,1010.983,1787.669,147.18400000007958
0628920ea59145eda9cda7e57b449566,1537297579948516,0.0249641490426514,1010.983,1787.669,147.18400000007958
0628920ea59145eda9cda7e57b449566,1537297580449565,0.0249959292961843,1010.983,1787.669,147.18400000007958
0628920ea59145eda9cda7e57b449566,1537297580948828,0.0250229256593305,1010.983,1787.669,147.18400000007958
0628920ea59145eda9cda7e57b449566,1537297581448698,0.0250057966177892,1010.983,1787.669,147.18400000007958
0628920ea59145eda9cda7e57b449566,1537297581948594,0.0249932803681397,1010.983,1787.669,147.18400000007958
0628920ea59145eda9cda7e57b449566,1537297582449009,0.0249931965687841,1010.983,1787.669,147.18400000007958
0628920ea59145eda9cda7e57b449566,1537297582948908,0.0380099142030329,1010.983,1787.669,147.18400000007958
0628920ea59145eda9cda7e57b449566,1537297583448771,0.0499864911726206,1010.983,1787.669,147.18400000007958
0628920ea59145eda9cda7e57b449566,1537297583949179,0.0499592398360446,1010.983,1787.669,147.18400000007958
1bdde1325cb243cf9932d79e0e183945,1537297573898575,0.0280066105233235,1012.68,1772.092,-35.92799999994527
1bdde1325cb243cf9932d79e0e183945,1537297574398457,0.0269928187268015,1012.68,1772.092,-35.92799999994527
1bdde1325cb243cf9932d79e0e183945,1537297574898882,0.116454985860785,1012.68,1772.092,-35.92799999994527
1bdde1325cb243cf9932d79e0e183945,1537297575448535,0.0268427365151913,1012.68,1772.092,-35.92799999994527
1bdde1325cb243cf9932d79e0e183945,1537297575948965,0.14778393097298,1012.68,1772.092,-35.92799999994527
1bdde1325cb243cf9932d79e0e183945,1537297576448825,0.0040010245132875,1012.68,1772.092,-35.92799999994527
1bdde1325cb243cf9932d79e0e183945,1537297576948709,0.0044551874776959,1012.68,1772.092,-35.92799999994527
1bdde1325cb243cf9932d79e0e183945,1537297577548663,0.0055463775608486,1012.68,1772.092,-35.92799999994527
1bdde1325cb243cf9932d79e0e183945,1537297578048554,0.0530136207647051,1012.68,1772.092,-35.92799999994527
1bdde1325cb243cf9932d79e0e183945,1537297578548431,0.1139374340662198,1012.68,1772.092,-35.92799999994527
1bdde1325cb243cf9932d79e0e183945,1537297578948224,0.047261534257692,1012.68,1772.092,-35.92799999994527
1bdde1325cb243cf9932d79e0e183945,1537297579448079,0.0499854468524874,1012.68,1772.092,-35.92799999994527
1bdde1325cb243cf9932d79e0e183945,1537297579948516,0.0509231525489017,1012.68,1772.092,-35.92799999994527
1bdde1325cb243cf9932d79e0e183945,1537297580449565,0.0509808436633776,1012.68,1772.092,-35.92799999994527
1bdde1325cb243cf9932d79e0e183945,1537297580948828,0.0750347251853873,1012.68,1772.092,-35.92799999994527
1bdde1325cb243cf9932d79e0e183945,1537297581448698,0.1331914921085014,1012.68,1772.092,-35.92799999994527
1bdde1325cb243cf9932d79e0e183945,1537297581948594,0.2465124712940354,1012.612,1771.989,-34.42877825790708
1bdde1325cb243cf9932d79e0e183945,1537297582449009,0.0739709910397677,1012.546,1771.885,-32.927999999945314
1bdde1325cb243cf9932d79e0e183945,1537297582948908,0.1764378100948084,1012.642,1772.033,-32.927999999945314
1bdde1325cb243cf9932d79e0e183945,1537297583448771,0.0999729823452415,1012.642,1772.033,-32.927999999945314
1bdde1325cb243cf9932d79e0e183945,1537297583949179,0.0999184796720892,1012.642,1772.033,-32.927999999945314
28bcd429916d49c5bc77615a11e79451,1537297573898575,0.0,1016.82,1784.115,147.18400000007958
28bcd429916d49c5bc77615a11e79451,1537297574398457,0.0,1016.82,1784.115,147.18400000007958
28bcd429916d49c5bc77615a11e79451,1537297574898882,0.0,1016.82,1784.115,147.18400000007958
28bcd429916d49c5bc77615a11e79451,1537297575448535,0.0,1016.82,1784.115,147.18400000007958
28bcd429916d49c5bc77615a11e79451,1537297575948965,0.0,1016.82,1784.115,147.18400000007958
28bcd429916d49c5bc77615a11e79451,1537297576448825,0.0,1016.82,1784.115,147.18400000007958
28bcd429916d49c5bc77615a11e79451,1537297576948709,0.0,1016.82,1784.115,147.18400000007958
28bcd429916d49c5bc77615a11e79451,1537297577548663,0.0,1016.82,1784.115,147.18400000007958
28bcd429916d49c5bc77615a11e79451,1537297578048554,0.0,1016.82,1784.115,147.18400000007958
28bcd429916d49c5bc77615a11e79451,1537297578548431,0.0,1016.82,1784.115,147.18400000007958
28bcd429916d49c5bc77615a11e79451,1537297578948224,0.0,1016.82,1784.115,147.18400000007958
28bcd429916d49c5bc77615a11e79451,1537297579448079,0.0,1016.82,1784.115,147.18400000007958
28bcd429916d49c5bc77615a11e79451,1537297579948516,0.0,1016.82,1784.115,147.18400000007958
28bcd429916d49c5bc77615a11e79451,1537297580449565,0.0160522264169526,1016.82,1784.115,147.18400000007958
28bcd429916d49c5bc77615a11e79451,1537297580948828,0.0330274404360722,1016.82,1784.115,147.18400000007958
28bcd429916d49c5bc77615a11e79451,1537297581448698,0.0340079541196113,1016.82,1784.115,147.18400000007958
28bcd429916d49c5bc77615a11e79451,1537297581948594,0.0170123537243103,1016.82,1784.115,147.18400000007958
28bcd429916d49c5bc77615a11e79451,1537297582449009,0.0,1016.82,1784.115,147.18400000007958
28bcd429916d49c5bc77615a11e79451,1537297582948908,0.0,1016.82,1784.115,147.18400000007958
28bcd429916d49c5bc77615a11e79451,1537297583448771,0.0529279392713989,1016.82,1784.115,147.18400000007958
28bcd429916d49c5bc77615a11e79451,1537297583949179,0.1059135884524145,1016.82,1784.115,147.18400000007958
2f5a52311a45443eb5163973f1b1f40f,1537297573898575,0.2000472180237396,1096.615,1718.59,-33.01300000004405
2f5a52311a45443eb5163973f1b1f40f,1537297574398457,0.1280389379645046,1096.615,1718.59,-33.01300000004405
2f5a52311a45443eb5163973f1b1f40f,1537297574898882,0.0570323818405178,1096.615,1718.59,-33.01300000004405
2f5a52311a45443eb5163973f1b1f40f,1537297575448535,0.0800435422472548,1096.615,1718.59,-33.01300000004405
2f5a52311a45443eb5163973f1b1f40f,1537297575948965,0.0999710816947986,1096.615,1718.59,-33.01300000004405
2f5a52311a45443eb5163973f1b1f40f,1537297576448825,0.0479821409864907,1096.615,1718.59,-33.01300000004405
2f5a52311a45443eb5163973f1b1f40f,1537297576948709,0.0749844992895051,1096.634,1718.618,-33.01300000004405
2f5a52311a45443eb5163973f1b1f40f,1537297577548663,0.0749839353953613,1096.656,1718.653,-33.01300000004405
2f5a52311a45443eb5163973f1b1f40f,1537297578048554,0.1561828032314981,1096.675,1718.681,-33.01300000004405
2f5a52311a45443eb5163973f1b1f40f,1537297578548431,0.2436956407297177,1096.741,1718.783,-33.01300000004405
2f5a52311a45443eb5163973f1b1f40f,1537297578948224,0.1356909291563095,1096.794,1718.865,-33.01300000004405
2f5a52311a45443eb5163973f1b1f40f,1537297579448079,0.0,1096.794,1718.865,-33.01300000004405
2f5a52311a45443eb5163973f1b1f40f,1537297579948516,0.0,1096.794,1718.865,-33.01300000004405
2f5a52311a45443eb5163973f1b1f40f,1537297580449565,0.0,1096.794,1718.865,-33.01300000004405
2f5a52311a45443eb5163973f1b1f40f,1537297580948828,0.0,1096.794,1718.865,-33.01300000004405
2f5a52311a45443eb5163973f1b1f40f,1537297581448698,0.0,1096.794,1718.865,0.0
2f5a52311a45443eb5163973f1b1f40f,1537297581948594,0.0,1096.794,1718.865,0.0
2f5a52311a45443eb5163973f1b1f40f,1537297582449009,0.0,1096.794,1718.865,0.0
2f5a52311a45443eb5163973f1b1f40f,1537297582948908,0.0,1096.794,1718.865,0.0
2f5a52311a45443eb5163973f1b1f40f,1537297583448771,0.0,1096.794,1718.865,0.0
2f5a52311a45443eb5163973f1b1f40f,1537297583949179,0.0,1096.794,1718.865,0.0
5e136a69dc2f45c2a48eaca541eece56,1537297573898575,0.1000236090118699,1026.674,1762.906,-31.757000000037507
5e136a69dc2f45c2a48eaca541eece56,1537297574398457,0.0809870453919458,1026.674,1762.906,-31.757000000037507
5e136a69dc2f45c2a48eaca541eece56,1537297574898882,0.244798428539908,1026.644,1762.859,-31.757000000037507
5e136a69dc2f45c2a48eaca541eece56,1537297575448535,0.111477191813167,1026.612,1762.807,-31.757000000037507
5e136a69dc2f45c2a48eaca541eece56,1537297575948965,0.2863630372406484,1026.583,1762.76,-31.757000000037507
5e136a69dc2f45c2a48eaca541eece56,1537297576448825,0.2927012146663584,1026.673,1762.905,-31.757000000037507
5e136a69dc2f45c2a48eaca541eece56,1537297576948709,0.1916555668772329,1026.722,1762.984,-31.757000000037507
5e136a69dc2f45c2a48eaca541eece56,1537297577548663,0.0811571494685774,1026.781,1763.079,-31.757000000037507
5e136a69dc2f45c2a48eaca541eece56,1537297578048554,0.0605532772416922,1026.772,1763.064,-31.757000000037507
5e136a69dc2f45c2a48eaca541eece56,1537297578548431,0.1756347300558713,1026.763,1763.05,-31.757000000037507
5e136a69dc2f45c2a48eaca541eece56,1537297578948224,0.1896141102969661,1026.834,1763.166,-31.757000000037507
5e136a69dc2f45c2a48eaca541eece56,1537297579448079,0.032991557726933,1026.834,1763.166,-31.757000000037507
5e136a69dc2f45c2a48eaca541eece56,1537297579948516,0.0329498442772184,1026.834,1763.166,-31.757000000037507
5e136a69dc2f45c2a48eaca541eece56,1537297580449565,0.016934118387581,1026.834,1763.166,-31.757000000037507
5e136a69dc2f45c2a48eaca541eece56,1537297580948828,0.0,1026.834,1763.166,-31.757000000037507
5e136a69dc2f45c2a48eaca541eece56,1537297581448698,0.0,1026.834,1763.166,-31.757000000037507
5e136a69dc2f45c2a48eaca541eece56,1537297581948594,0.0249663195885223,1026.834,1763.166,-31.757000000037507
5e136a69dc2f45c2a48eaca541eece56,1537297582449009,0.0499843316342896,1026.834,1763.166,-31.757000000037507
5e136a69dc2f45c2a48eaca541eece56,1537297582948908,0.0250041371812014,1026.834,1763.166,-31.757000000037507
5e136a69dc2f45c2a48eaca541eece56,1537297583448771,0.0,1026.834,1763.166,-31.757000000037507
5e136a69dc2f45c2a48eaca541eece56,1537297583949179,0.0,1026.834,1763.166,-31.757000000037507
611f11e4f5d34e8aad3cf5e241941f3f,1537297573898575,0.0905752302508217,1063.627,1751.737,145.31300000021403
611f11e4f5d34e8aad3cf5e241941f3f,1537297574398457,0.0900673052966914,1063.587,1751.74,145.31300000021403
611f11e4f5d34e8aad3cf5e241941f3f,1537297574898882,0.1714267448067668,1063.547,1751.743,145.31300000021403
611f11e4f5d34e8aad3cf5e241941f3f,1537297575448535,0.2027251870729098,1063.601,1751.889,145.31300000021403
611f11e4f5d34e8aad3cf5e241941f3f,1537297575948965,0.1990366377315586,1063.433,1751.708,145.31300000021403
611f11e4f5d34e8aad3cf5e241941f3f,1537297576448825,0.1126209978648732,1063.461,1751.749,145.31300000021403
611f11e4f5d34e8aad3cf5e241941f3f,1537297576948709,0.1129812390047105,1063.49,1751.79,145.31300000021403
611f11e4f5d34e8aad3cf5e241941f3f,1537297577548663,0.1124298896142471,1063.524,1751.839,145.31300000021403
611f11e4f5d34e8aad3cf5e241941f3f,1537297578048554,0.0908008191763115,1063.552,1751.88,145.31300000021403
611f11e4f5d34e8aad3cf5e241941f3f,1537297578548431,0.0444486851182815,1063.552,1751.88,145.31300000021403
611f11e4f5d34e8aad3cf5e241941f3f,1537297578948224,0.0,1063.552,1751.88,145.31300000021403
611f11e4f5d34e8aad3cf5e241941f3f,1537297579448079,0.0249636533189608,1063.552,1751.88,145.31300000021403
611f11e4f5d34e8aad3cf5e241941f3f,1537297579948516,0.0499258563102326,1063.552,1751.88,145.31300000021403
611f11e4f5d34e8aad3cf5e241941f3f,1537297580449565,0.0750663228288316,1063.552,1751.88,145.31300000021403
611f11e4f5d34e8aad3cf5e241941f3f,1537297580948828,0.0501042258202698,1063.552,1751.88,145.31300000021403
611f11e4f5d34e8aad3cf5e241941f3f,1537297581448698,0.0500090972561398,1063.552,1751.88,145.31300000021403
611f11e4f5d34e8aad3cf5e241941f3f,1537297581948594,0.0250700148947433,1063.552,1751.88,145.31300000021403
611f11e4f5d34e8aad3cf5e241941f3f,1537297582449009,0.0499843316342896,1063.552,1751.88,145.31300000021403
611f11e4f5d34e8aad3cf5e241941f3f,1537297582948908,0.0750269142940305,1063.552,1751.88,145.31300000021403
611f11e4f5d34e8aad3cf5e241941f3f,1537297583448771,0.0501499101487878,1063.552,1751.88,145.31300000021403
611f11e4f5d34e8aad3cf5e241941f3f,1537297583949179,0.099918479672089,1063.552,1751.88,145.31300000021403
6195179e0520438c8f2682c399776a4a,1537297573898575,0.0500118045059349,1064.63,1738.897,-31.39499999999148
6195179e0520438c8f2682c399776a4a,1537297574398457,0.0499846919153424,1064.63,1738.897,-31.39499999999148
6195179e0520438c8f2682c399776a4a,1537297574898882,0.0695007520829182,1064.63,1738.897,-31.39499999999148
6195179e0520438c8f2682c399776a4a,1537297575448535,0.0956499732394431,1064.63,1738.897,-31.39499999999148
6195179e0520438c8f2682c399776a4a,1537297575948965,0.0289106783927559,1064.63,1738.897,-31.39499999999148
6195179e0520438c8f2682c399776a4a,1537297576448825,0.0430109648555369,1064.63,1738.897,-31.39499999999148
6195179e0520438c8f2682c399776a4a,1537297576948709,0.0429465025555675,1064.63,1738.897,-31.39499999999148
6195179e0520438c8f2682c399776a4a,1537297577548663,0.0429461624808161,1064.63,1738.897,-31.39499999999148
6195179e0520438c8f2682c399776a4a,1537297578048554,0.0280085235384158,1064.63,1738.897,-31.39499999999148
6195179e0520438c8f2682c399776a4a,1537297578548431,0.0764135096343332,1064.63,1738.897,-31.39499999999148
6195179e0520438c8f2682c399776a4a,1537297578948224,0.0559681296689161,1064.63,1738.897,-31.39499999999148
6195179e0520438c8f2682c399776a4a,1537297579448079,0.002059883697248,1064.63,1738.897,-31.39499999999148
6195179e0520438c8f2682c399776a4a,1537297579948516,0.0499258563102325,1064.63,1738.897,-31.39499999999148
6195179e0520438c8f2682c399776a4a,1537297580449565,0.0252600922771228,1064.63,1738.897,-31.39499999999148
6195179e0520438c8f2682c399776a4a,1537297580948828,0.1500694503707745,1064.63,1738.897,-31.39499999999148
6195179e0520438c8f2682c399776a4a,1537297581448698,0.10002859442661,1064.63,1738.897,-31.39499999999148
6195179e0520438c8f2682c399776a4a,1537297581948594,0.0,1064.63,1738.897,-31.39499999999148
6195179e0520438c8f2682c399776a4a,1537297582449009,0.0,1064.63,1738.897,-31.39499999999148
6195179e0520438c8f2682c399776a4a,1537297582948908,0.0,1064.63,1738.897,-31.39499999999148
6195179e0520438c8f2682c399776a4a,1537297583448771,0.0499320181805651,1064.63,1738.897,-31.39499999999148
6195179e0520438c8f2682c399776a4a,1537297583949179,0.0999184796720892,1064.63,1738.897,-31.39499999999148
61b3838d6e8b4810b0138bd5750bd667,1537297573898575,0.1680396631399414,995.587,1797.262,149.18400000007955
61b3838d6e8b4810b0138bd5750bd667,1537297574398457,0.1689471735813401,995.587,1797.262,149.18400000007955
61b3838d6e8b4810b0138bd5750bd667,1537297574898882,0.168675060481783,995.587,1797.262,149.18400000007955
61b3838d6e8b4810b0138bd5750bd667,1537297575448535,0.1409346320352809,995.587,1797.262,149.18400000007955
61b3838d6e8b4810b0138bd5750bd667,1537297575948965,0.4218779647520498,995.587,1797.262,149.18400000007955
61b3838d6e8b4810b0138bd5750bd667,1537297576448825,0.1220458463477012,995.587,1797.262,149.18400000007955
61b3838d6e8b4810b0138bd5750bd667,1537297576948709,0.1395441706725472,995.587,1797.262,149.18400000007955
61b3838d6e8b4810b0138bd5750bd667,1537297577548663,0.0937114295570742,995.587,1797.262,149.18400000007955
61b3838d6e8b4810b0138bd5750bd667,1537297578048554,0.0740166076981001,995.587,1797.262,149.18400000007955
61b3838d6e8b4810b0138bd5750bd667,1537297578548431,0.0559671144799238,995.587,1797.262,149.18400000007955
61b3838d6e8b4810b0138bd5750bd667,1537297578948224,0.0124875181518395,995.587,1797.262,149.18400000007955
61b3838d6e8b4810b0138bd5750bd667,1537297579448079,0.0670188713239468,995.587,1797.262,149.18400000007955
61b3838d6e8b4810b0138bd5750bd667,1537297579948516,0.0339495822909581,995.587,1797.262,149.18400000007955
61b3838d6e8b4810b0138bd5750bd667,1537297580449565,0.0329863448045337,995.587,1797.262,149.18400000007955
61b3838d6e8b4810b0138bd5750bd667,1537297580948828,0.0330274404360719,995.587,1797.262,149.18400000007955
61b3838d6e8b4810b0138bd5750bd667,1537297581448698,0.0340079541196109,995.587,1797.262,149.18400000007955
61b3838d6e8b4810b0138bd5750bd667,1537297581948594,0.0329907982609647,995.587,1797.262,149.18400000007955
61b3838d6e8b4810b0138bd5750bd667,1537297582449009,0.0340573751195101,995.587,1797.262,149.18400000007955
61b3838d6e8b4810b0138bd5750bd667,1537297582948908,0.0,995.587,1797.262,149.18400000007955
61b3838d6e8b4810b0138bd5750bd667,1537297583448771,0.1029689034360752,995.587,1797.262,149.18400000007955
61b3838d6e8b4810b0138bd5750bd667,1537297583949179,0.1059135884524143,995.587,1797.262,149.18400000007955
7c840650c7034d858c6dbcfeeaf2288e,1537297573898575,0.0540127488664097,1083.689,1741.481,146.313000000214
7c840650c7034d858c6dbcfeeaf2288e,1537297574398457,0.0549820760143596,1083.689,1741.481,146.313000000214
7c840650c7034d858c6dbcfeeaf2288e,1537297574898882,0.0552983434661554,1083.689,1741.481,146.313000000214
7c840650c7034d858c6dbcfeeaf2288e,1537297575448535,0.0542520573813307,1083.689,1741.481,146.313000000214
7c840650c7034d858c6dbcfeeaf2288e,1537297575948965,0.0890141603908462,1083.689,1741.481,146.313000000214
7c840650c7034d858c6dbcfeeaf2288e,1537297576448825,0.0120085237183671,1083.689,1741.481,146.313000000214
7c840650c7034d858c6dbcfeeaf2288e,1537297576948709,0.0401681104781015,1083.689,1741.481,146.313000000214
7c840650c7034d858c6dbcfeeaf2288e,1537297577548663,0.031853407359119,1083.689,1741.481,146.313000000214
7c840650c7034d858c6dbcfeeaf2288e,1537297578048554,0.0310071649540899,1083.689,1741.481,146.313000000214
7c840650c7034d858c6dbcfeeaf2288e,1537297578548431,0.0828233544834231,1083.689,1741.481,146.313000000214
7c840650c7034d858c6dbcfeeaf2288e,1537297578948224,0.0846009785235589,1083.689,1741.481,146.313000000214
7c840650c7034d858c6dbcfeeaf2288e,1537297579448079,0.032991557726933,1083.689,1741.481,146.313000000214
7c840650c7034d858c6dbcfeeaf2288e,1537297579948516,0.0329498442772183,1083.689,1741.481,146.313000000214
7c840650c7034d858c6dbcfeeaf2288e,1537297580449565,0.0339896089555933,1083.689,1741.481,146.313000000214
7c840650c7034d858c6dbcfeeaf2288e,1537297580948828,0.0330298727069725,1083.689,1741.481,146.313000000214
7c840650c7034d858c6dbcfeeaf2288e,1537297581448698,0.0330076681753452,1083.689,1741.481,146.313000000214
7c840650c7034d858c6dbcfeeaf2288e,1537297581948594,0.0828529246297785,1083.689,1741.481,146.313000000214
7c840650c7034d858c6dbcfeeaf2288e,1537297582449009,0.1999373265371585,1083.689,1741.481,146.313000000214
7c840650c7034d858c6dbcfeeaf2288e,1537297582948908,0.2000403485619745,1083.689,1741.481,146.313000000214
7c840650c7034d858c6dbcfeeaf2288e,1537297583448771,0.0,1083.689,1741.481,0.0
7c840650c7034d858c6dbcfeeaf2288e,1537297583949179,0.0,1083.689,1741.481,0.0
80f72388a1164754bab6505f9adbd635,1537297573898575,0.5001180450593492,1173.011,1675.043,-34.6649999999161
80f72388a1164754bab6505f9adbd635,1537297574398457,0.2882057340642994,1173.011,1675.043,-34.6649999999161
80f72388a1164754bab6505f9adbd635,1537297574898882,0.0883623161917934,1172.994,1675.061,-34.6649999999161
80f72388a1164754bab6505f9adbd635,1537297575448535,0.087495111241117,1172.976,1675.081,-34.6649999999161
80f72388a1164754bab6505f9adbd635,1537297575948965,0.0881854113079856,1172.959,1675.099,-34.6649999999161
80f72388a1164754bab6505f9adbd635,1537297576448825,0.0878291552861769,1172.942,1675.117,-34.6649999999161
80f72388a1164754bab6505f9adbd635,1537297576948709,0.0874612011312856,1172.925,1675.134,-34.6649999999161
80f72388a1164754bab6505f9adbd635,1537297577548663,0.0888091869922765,1172.905,1675.156,-34.6649999999161
80f72388a1164754bab6505f9adbd635,1537297578048554,0.0882304213128914,1172.888,1675.174,-34.6649999999161
80f72388a1164754bab6505f9adbd635,1537297578548431,0.0876388840466017,1172.871,1675.192,-34.6649999999161
80f72388a1164754bab6505f9adbd635,1537297578948224,0.0878306691954259,1172.857,1675.206,-34.6649999999161
80f72388a1164754bab6505f9adbd635,1537297579448079,0.0,1172.857,1675.206,0.0
80f72388a1164754bab6505f9adbd635,1537297579948516,0.0,1172.857,1675.206,0.0
80f72388a1164754bab6505f9adbd635,1537297580449565,0.0,1172.857,1675.206,0.0
80f72388a1164754bab6505f9adbd635,1537297580948828,0.0,1172.857,1675.206,0.0
80f72388a1164754bab6505f9adbd635,1537297581448698,0.0,1172.857,1675.206,0.0
80f72388a1164754bab6505f9adbd635,1537297581948594,0.0,1172.857,1675.206,0.0
80f72388a1164754bab6505f9adbd635,1537297582449009,0.0,1172.857,1675.206,0.0
80f72388a1164754bab6505f9adbd635,1537297582948908,0.0,1172.857,1675.206,0.0
80f72388a1164754bab6505f9adbd635,1537297583448771,0.0,1172.857,1675.206,0.0
80f72388a1164754bab6505f9adbd635,1537297583949179,0.0,1172.857,1675.206,0.0
8e2f22414903427f9a63f7d9d6d1f43e,1537297573898575,0.1000236090118697,1070.814,1735.354,-31.39499999999148
8e2f22414903427f9a63f7d9d6d1f43e,1537297574398457,0.0740055564401501,1070.814,1735.354,-31.39499999999148
8e2f22414903427f9a63f7d9d6d1f43e,1537297574898882,0.0476462998816135,1070.814,1735.354,-31.39499999999148
8e2f22414903427f9a63f7d9d6d1f43e,1537297575448535,0.1218758776270101,1070.814,1735.354,-31.39499999999148
8e2f22414903427f9a63f7d9d6d1f43e,1537297575948965,0.0792695120942853,1070.79,1735.249,-31.39499999999148
8e2f22414903427f9a63f7d9d6d1f43e,1537297576448825,0.1089176954546636,1070.802,1735.301,-31.39499999999148
8e2f22414903427f9a63f7d9d6d1f43e,1537297576948709,0.0660763103845194,1070.814,1735.354,-31.39499999999148
8e2f22414903427f9a63f7d9d6d1f43e,1537297577548663,0.0166820581943625,1070.814,1735.354,-31.39499999999148
8e2f22414903427f9a63f7d9d6d1f43e,1537297578048554,0.1500362126476786,1070.814,1735.354,-31.39499999999148
8e2f22414903427f9a63f7d9d6d1f43e,1537297578548431,0.0888973702365629,1070.814,1735.354,-31.39499999999148
8e2f22414903427f9a63f7d9d6d1f43e,1537297578948224,0.0,1070.814,1735.354,-30.950611750364967
8e2f22414903427f9a63f7d9d6d1f43e,1537297579448079,0.1364943532759524,1070.814,1735.354,-30.39499999999149
8e2f22414903427f9a63f7d9d6d1f43e,1537297579948516,0.1454706510780588,1070.932,1735.285,-30.39499999999149
8e2f22414903427f9a63f7d9d6d1f43e,1537297580449565,0.0999694381046862,1070.932,1735.285,-30.39499999999149
8e2f22414903427f9a63f7d9d6d1f43e,1537297580948828,0.1000868380955222,1070.932,1735.285,-30.39499999999149
8e2f22414903427f9a63f7d9d6d1f43e,1537297581448698,0.0670173902803923,1070.932,1735.285,-30.39499999999149
8e2f22414903427f9a63f7d9d6d1f43e,1537297581948594,0.0339894510445053,1070.932,1735.285,-30.39499999999149
8e2f22414903427f9a63f7d9d6d1f43e,1537297582449009,0.0329886281269917,1070.932,1735.285,-30.39499999999149
8e2f22414903427f9a63f7d9d6d1f43e,1537297582948908,0.0160026477959687,1070.932,1735.285,-30.39499999999149
8e2f22414903427f9a63f7d9d6d1f43e,1537297583448771,0.0,1070.932,1735.285,-30.39499999999149
8e2f22414903427f9a63f7d9d6d1f43e,1537297583949179,0.0,1070.932,1735.285,-30.39499999999149
9531c8996eb549429c091df7bfd5f133,1537297573898575,0.0,1067.826,1751.457,146.313000000214
9531c8996eb549429c091df7bfd5f133,1537297574398457,0.0,1067.826,1751.457,146.313000000214
9531c8996eb549429c091df7bfd5f133,1537297574898882,0.0605983769876946,1067.826,1751.457,146.313000000214
9531c8996eb549429c091df7bfd5f133,1537297575448535,0.0270207723530274,1067.865,1751.515,144.31300000021403
9531c8996eb549429c091df7bfd5f133,1537297575948965,0.1159247910531924,1067.835,1751.473,145.31356983496192
9531c8996eb549429c091df7bfd5f133,1537297576448825,0.0374030563790845,1067.804,1751.43,146.313000000214
9531c8996eb549429c091df7bfd5f133,1537297576948709,0.0502495456944421,1067.818,1751.451,145.83683066177622
9531c8996eb549429c091df7bfd5f133,1537297577548663,0.0502491631908991,1067.836,1751.475,145.26533867708957
9531c8996eb549429c091df7bfd5f133,1537297578048554,0.0496602633821637,1067.85,1751.496,144.7891626707341
9531c8996eb549429c091df7bfd5f133,1537297578548431,0.021702613877489,1067.864,1751.516,144.31300000021403
9531c8996eb549429c091df7bfd5f133,1537297578948224,0.0,1067.864,1751.516,144.31300000021403
9531c8996eb549429c091df7bfd5f133,1537297579448079,0.0,1067.864,1751.516,144.31300000021403
9531c8996eb549429c091df7bfd5f133,1537297579948516,0.0,1067.864,1751.516,144.31300000021403
9531c8996eb549429c091df7bfd5f133,1537297580449565,0.0501632075529773,1067.864,1751.516,144.31300000021403
9531c8996eb549429c091df7bfd5f133,1537297580948828,0.1000868380955222,1067.864,1751.516,144.81269623685117
9531c8996eb549429c091df7bfd5f133,1537297581448698,0.0750188458413747,1067.864,1751.516,145.31300000021403
9531c8996eb549429c091df7bfd5f133,1537297581948594,0.0499844868301549,1067.864,1751.516,145.31300000021403
9531c8996eb549429c091df7bfd5f133,1537297582449009,0.0499843316342895,1067.864,1751.516,145.31300000021403
9531c8996eb549429c091df7bfd5f133,1537297582948908,0.0500119000500091,1067.864,1751.516,145.31300000021403
9531c8996eb549429c091df7bfd5f133,1537297583448771,0.0269088168254493,1067.864,1751.516,145.31300000021403
9531c8996eb549429c091df7bfd5f133,1537297583949179,0.1039152188589725,1067.864,1751.516,145.31300000021403
9b76a106e2234d1dbcf6d33b46190622,1537297573898575,0.2000472180237398,1092.121,1721.712,-33.01300000004405
9b76a106e2234d1dbcf6d33b46190622,1537297574398457,0.2498692049508587,1092.121,1721.712,-33.01300000004405
9b76a106e2234d1dbcf6d33b46190622,1537297574898882,0.1265147585222055,1092.121,1721.712,-33.01300000004405
9b76a106e2234d1dbcf6d33b46190622,1537297575448535,0.0583850864548151,1092.086,1721.658,-33.01300000004405
9b76a106e2234d1dbcf6d33b46190622,1537297575948965,0.0499855408473993,1092.086,1721.658,-33.01300000004405
9b76a106e2234d1dbcf6d33b46190622,1537297576448825,0.0750179930664463,1092.086,1721.658,-33.01300000004405
9b76a106e2234d1dbcf6d33b46190622,1537297576948709,0.0545619397634388,1092.086,1721.658,-33.01300000004405
9b76a106e2234d1dbcf6d33b46190622,1537297577548663,0.0,1092.086,1721.658,-33.01300000004405
9b76a106e2234d1dbcf6d33b46190622,1537297578048554,0.0,1092.086,1721.658,-33.01300000004405
9b76a106e2234d1dbcf6d33b46190622,1537297578548431,0.0,1092.086,1721.658,-33.01300000004405
9b76a106e2234d1dbcf6d33b46190622,1537297578948224,0.0,1092.086,1721.658,-33.01300000004405
9b76a106e2234d1dbcf6d33b46190622,1537297579448079,0.0,1092.086,1721.658,-33.01300000004405
9b76a106e2234d1dbcf6d33b46190622,1537297579948516,0.0,1092.086,1721.658,-33.01300000004405
9b76a106e2234d1dbcf6d33b46190622,1537297580449565,0.0,1092.086,1721.658,-33.01300000004405
9b76a106e2234d1dbcf6d33b46190622,1537297580948828,0.0,1092.086,1721.658,-33.01300000004405
9b76a106e2234d1dbcf6d33b46190622,1537297581448698,0.0,1092.086,1721.658,-33.01300000004405
9b76a106e2234d1dbcf6d33b46190622,1537297581948594,0.0,1092.086,1721.658,-33.01300000004405
9b76a106e2234d1dbcf6d33b46190622,1537297582449009,0.0,1092.086,1721.658,-33.01300000004405
9b76a106e2234d1dbcf6d33b46190622,1537297582948908,0.0,1092.086,1721.658,-33.01300000004405
9b76a106e2234d1dbcf6d33b46190622,1537297583448771,0.0,1092.086,1721.658,-33.01300000004405
9b76a106e2234d1dbcf6d33b46190622,1537297583949179,0.0,1092.086,1721.658,-33.01300000004405
a2c7b5f8b23e47d7b044a71848b775a9,1537297573898575,0.0,1058.864,1742.523,-35.394999999991434
a2c7b5f8b23e47d7b044a71848b775a9,1537297574398457,0.0,1058.864,1742.523,-35.394999999991434
a2c7b5f8b23e47d7b044a71848b775a9,1537297574898882,0.0112712494333563,1058.864,1742.523,-35.394999999991434
a2c7b5f8b23e47d7b044a71848b775a9,1537297575448535,0.0238230175214768,1058.864,1742.523,-35.394999999991434
a2c7b5f8b23e47d7b044a71848b775a9,1537297575948965,0.0239930596067516,1058.864,1742.523,-35.394999999991434
a2c7b5f8b23e47d7b044a71848b775a9,1537297576448825,0.025006354545741,1058.864,1742.523,-35.394999999991434
a2c7b5f8b23e47d7b044a71848b775a9,1537297576948709,0.0,1058.864,1742.523,-35.394999999991434
a2c7b5f8b23e47d7b044a71848b775a9,1537297577548663,0.031853407359119,1058.864,1742.523,-35.394999999991434
a2c7b5f8b23e47d7b044a71848b775a9,1537297578048554,0.0310071649540903,1058.864,1742.523,-35.394999999991434
a2c7b5f8b23e47d7b044a71848b775a9,1537297578548431,0.0172404440016082,1058.864,1742.523,-35.394999999991434
a2c7b5f8b23e47d7b044a71848b775a9,1537297578948224,0.0554674161774034,1058.864,1742.523,-35.394999999991434
a2c7b5f8b23e47d7b044a71848b775a9,1537297579448079,0.052988062076511,1058.864,1742.523,-35.394999999991434
a2c7b5f8b23e47d7b044a71848b775a9,1537297579948516,0.0499258563102327,1058.864,1742.523,-35.394999999991434
a2c7b5f8b23e47d7b044a71848b775a9,1537297580449565,0.049984719052343,1058.864,1742.523,-35.394999999991434
a2c7b5f8b23e47d7b044a71848b775a9,1537297580948828,0.0500434190477614,1058.864,1742.523,-35.394999999991434
a2c7b5f8b23e47d7b044a71848b775a9,1537297581448698,0.0500116972347222,1058.864,1742.523,-35.394999999991434
a2c7b5f8b23e47d7b044a71848b775a9,1537297581948594,0.0499844868301548,1058.864,1742.523,-35.394999999991434
a2c7b5f8b23e47d7b044a71848b775a9,1537297582449009,0.0249663970261624,1058.864,1742.523,-35.394999999991434
a2c7b5f8b23e47d7b044a71848b775a9,1537297582948908,0.0,1058.864,1742.523,-35.394999999991434
a2c7b5f8b23e47d7b044a71848b775a9,1537297583448771,0.0,1058.864,1742.523,-35.394999999991434
a2c7b5f8b23e47d7b044a71848b775a9,1537297583949179,0.0,1058.864,1742.523,-35.394999999991434
a83417825a90402e8e4bc5d2e5677d35,1537297573898575,0.2000472180237396,1086.829,1725.17,-30.01300000004409
a83417825a90402e8e4bc5d2e5677d35,1537297574398457,0.15000833037188,1086.829,1725.17,-30.01300000004409
a83417825a90402e8e4bc5d2e5677d35,1537297574898882,0.0956505448067729,1086.829,1725.17,-30.01300000004409
a83417825a90402e8e4bc5d2e5677d35,1537297575448535,0.0956499732394433,1086.829,1725.17,-30.01300000004409
a83417825a90402e8e4bc5d2e5677d35,1537297575948965,0.0689470916290404,1086.829,1725.17,-30.01300000004409
a83417825a90402e8e4bc5d2e5677d35,1537297576448825,0.0950401243964606,1086.805,1725.129,-30.01300000004409
a83417825a90402e8e4bc5d2e5677d35,1537297576948709,0.0589349321356679,1086.781,1725.088,-30.01300000004409
a83417825a90402e8e4bc5d2e5677d35,1537297577548663,0.0629492390400401,1086.781,1725.088,-30.01300000004409
a83417825a90402e8e4bc5d2e5677d35,1537297578048554,0.0630145900901313,1086.781,1725.088,-30.01300000004409
a83417825a90402e8e4bc5d2e5677d35,1537297578548431,0.0414559345629224,1086.781,1725.088,-30.01300000004409
a83417825a90402e8e4bc5d2e5677d35,1537297578948224,0.0263439602099064,1086.781,1725.088,-30.01300000004409
a83417825a90402e8e4bc5d2e5677d35,1537297579448079,0.0269933041046346,1086.781,1725.088,-30.01300000004409
a83417825a90402e8e4bc5d2e5677d35,1537297579948516,0.025961445281321,1086.781,1725.088,-30.01300000004409
a83417825a90402e8e4bc5d2e5677d35,1537297580449565,0.0631128274964214,1086.781,1725.088,-30.01300000004409
a83417825a90402e8e4bc5d2e5677d35,1537297580948828,0.1000868380955224,1086.781,1725.088,-30.01300000004409
a83417825a90402e8e4bc5d2e5677d35,1537297581448698,0.1000233944694448,1086.781,1725.088,-30.01300000004409
a83417825a90402e8e4bc5d2e5677d35,1537297581948594,0.0999689736603102,1086.781,1725.088,-30.01300000004409
a83417825a90402e8e4bc5d2e5677d35,1537297582449009,0.099968663268579,1086.781,1725.088,-30.01300000004409
a83417825a90402e8e4bc5d2e5677d35,1537297582948908,0.1000238001000184,1086.781,1725.088,-30.01300000004409
a83417825a90402e8e4bc5d2e5677d35,1537297583448771,0.0500409641646764,1086.781,1725.088,-30.01300000004409
a83417825a90402e8e4bc5d2e5677d35,1537297583949179,0.0,1086.781,1725.088,-30.01300000004409
bf1eba6d172c4df6b02c144a8906e20e,1537297573898575,0.0260061383430861,1047.752,1749.559,-30.39499999999149
bf1eba6d172c4df6b02c144a8906e20e,1537297574398457,0.0269906485417678,1047.752,1749.559,-30.39499999999149
bf1eba6d172c4df6b02c144a8906e20e,1537297574898882,0.1154089941518308,1047.752,1749.559,-30.39499999999149
bf1eba6d172c4df6b02c144a8906e20e,1537297575448535,0.0997203014989952,1047.752,1749.559,-30.39499999999149
bf1eba6d172c4df6b02c144a8906e20e,1537297575948965,0.0579832273829832,1047.752,1749.559,-30.39499999999149
bf1eba6d172c4df6b02c144a8906e20e,1537297576448825,0.0580148554426745,1047.752,1749.559,-30.39499999999149
bf1eba6d172c4df6b02c144a8906e20e,1537297576948709,0.0581608737463108,1047.752,1749.559,-30.39499999999149
bf1eba6d172c4df6b02c144a8906e20e,1537297577548663,0.0094950070518835,1047.752,1749.559,-30.39499999999149
bf1eba6d172c4df6b02c144a8906e20e,1537297578048554,0.0830197374362518,1047.752,1749.559,-30.39499999999149
bf1eba6d172c4df6b02c144a8906e20e,1537297578548431,0.03472026026557,1047.752,1749.559,-30.39499999999149
bf1eba6d172c4df6b02c144a8906e20e,1537297578948224,0.0177295446371086,1047.752,1749.559,-30.39499999999149
bf1eba6d172c4df6b02c144a8906e20e,1537297579448079,0.0179947608668955,1047.752,1749.559,-30.39499999999149
bf1eba6d172c4df6b02c144a8906e20e,1537297579948516,0.0169760120330142,1047.752,1749.559,-30.39499999999149
bf1eba6d172c4df6b02c144a8906e20e,1537297580449565,0.0169983742478094,1047.752,1749.559,-30.39499999999149
bf1eba6d172c4df6b02c144a8906e20e,1537297580948828,0.0170159786116889,1047.752,1749.559,-30.39499999999149
bf1eba6d172c4df6b02c144a8906e20e,1537297581448698,0.0410066277568884,1047.752,1749.559,-30.39499999999149
bf1eba6d172c4df6b02c144a8906e20e,1537297581948594,0.0999668997541856,1047.752,1749.559,-30.39499999999149
bf1eba6d172c4df6b02c144a8906e20e,1537297582449009,0.0259135153252443,1047.752,1749.559,-30.39499999999149
bf1eba6d172c4df6b02c144a8906e20e,1537297582948908,0.0500119000500094,1047.752,1749.559,-30.39499999999149
bf1eba6d172c4df6b02c144a8906e20e,1537297583448771,0.0,1047.752,1749.559,-30.39499999999149
bf1eba6d172c4df6b02c144a8906e20e,1537297583949179,0.0519576094294863,1047.752,1749.559,-30.39499999999149
bfdb7ea532634ff9a9126c4e064de631,1537297573898575,0.0521659321958008,1078.494,1744.596,147.31300000021398
bfdb7ea532634ff9a9126c4e064de631,1537297574398457,0.0521376518013972,1078.508,1744.618,147.31300000021398
bfdb7ea532634ff9a9126c4e064de631,1537297574898882,0.0469171958105059,1078.522,1744.64,147.31300000021398
bfdb7ea532634ff9a9126c4e064de631,1537297575448535,0.1090267927968216,1078.494,1744.596,147.31300000021398
bfdb7ea532634ff9a9126c4e064de631,1537297575948965,0.1050888852303312,1078.464,1744.553,146.81271508284004
bfdb7ea532634ff9a9126c4e064de631,1537297576448825,0.0527030526534469,1078.435,1744.509,146.313000000214
bfdb7ea532634ff9a9126c4e064de631,1537297576948709,0.1564285987400497,1078.493,1744.597,146.313000000214
bfdb7ea532634ff9a9126c4e064de631,1537297577548663,0.2342934359132958,1078.376,1744.674,146.313000000214
bfdb7ea532634ff9a9126c4e064de631,1537297578048554,0.2391078034788337,1078.29,1744.754,146.313000000214
bfdb7ea532634ff9a9126c4e064de631,1537297578548431,0.2391096466736536,1078.203,1744.835,146.313000000214
bfdb7ea532634ff9a9126c4e064de631,1537297578948224,0.1455701175557175,1078.134,1744.899,146.313000000214
bfdb7ea532634ff9a9126c4e064de631,1537297579448079,0.0750072403860145,1078.134,1744.899,146.313000000214
bfdb7ea532634ff9a9126c4e064de631,1537297579948516,0.0509231525489021,1078.134,1744.899,146.313000000214
bfdb7ea532634ff9a9126c4e064de631,1537297580449565,0.0509808436633771,1078.134,1744.899,146.313000000214
bfdb7ea532634ff9a9126c4e064de631,1537297580948828,0.0500434190477611,1078.134,1744.899,146.313000000214
bfdb7ea532634ff9a9126c4e064de631,1537297581448698,0.058338392989033,1078.134,1744.899,146.313000000214
bfdb7ea532634ff9a9126c4e064de631,1537297581948594,0.1054164131876415,1078.105,1744.855,146.313000000214
bfdb7ea532634ff9a9126c4e064de631,1537297582449009,0.0,1078.105,1744.855,0.0
bfdb7ea532634ff9a9126c4e064de631,1537297582948908,0.0,1078.105,1744.855,0.0
bfdb7ea532634ff9a9126c4e064de631,1537297583448771,0.0,1078.105,1744.855,0.0
bfdb7ea532634ff9a9126c4e064de631,1537297583949179,0.0,1078.105,1744.855,0.0
c6b52d15b145499489329a7335533d01,1537297573898575,0.0500118045059351,1053.506,1745.971,-30.39499999999149
c6b52d15b145499489329a7335533d01,1537297574398457,0.0499846919153424,1053.506,1745.971,-30.39499999999149
c6b52d15b145499489329a7335533d01,1537297574898882,0.0486922915905675,1053.506,1745.971,-30.39499999999149
c6b52d15b145499489329a7335533d01,1537297575448535,0.0476460350429535,1053.506,1745.971,-30.39499999999149
c6b52d15b145499489329a7335533d01,1537297575948965,0.0139571936885816,1053.506,1745.971,-30.39499999999149
c6b52d15b145499489329a7335533d01,1537297576448825,0.0190049151004254,1053.506,1745.971,-30.39499999999149
c6b52d15b145499489329a7335533d01,1537297576948709,0.018911988706053,1053.506,1745.971,-30.39499999999149
c6b52d15b145499489329a7335533d01,1537297577548663,0.0189118597171393,1053.506,1745.971,-30.39499999999149
c6b52d15b145499489329a7335533d01,1537297578048554,0.0190044368209745,1053.506,1745.971,-30.39499999999149
c6b52d15b145499489329a7335533d01,1537297578548431,0.0105671126817665,1053.506,1745.971,-30.39499999999149
c6b52d15b145499489329a7335533d01,1537297578948224,0.0354590892742172,1053.506,1745.971,-30.39499999999149
c6b52d15b145499489329a7335533d01,1537297579448079,0.0359895217337911,1053.506,1745.971,-30.39499999999149
c6b52d15b145499489329a7335533d01,1537297579948516,0.0050304331446138,1053.506,1745.971,-30.39499999999149
c6b52d15b145499489329a7335533d01,1537297580449565,0.0249887897561587,1053.506,1745.971,-30.39499999999149
c6b52d15b145499489329a7335533d01,1537297580948828,0.0250204933884303,1053.506,1745.971,-30.39499999999149
c6b52d15b145499489329a7335533d01,1537297581448698,0.0250059006169329,1053.506,1745.971,-30.39499999999149
c6b52d15b145499489329a7335533d01,1537297581948594,0.0878565580781052,1053.506,1745.971,-30.39499999999149
c6b52d15b145499489329a7335533d01,1537297582449009,0.0998655881046499,1053.506,1745.971,-30.39499999999149
c6b52d15b145499489329a7335533d01,1537297582948908,0.0,1053.506,1745.971,-30.39499999999149
c6b52d15b145499489329a7335533d01,1537297583448771,0.0259646494538938,1053.506,1745.971,-30.39499999999149
c6b52d15b145499489329a7335533d01,1537297583949179,0.0519576094294863,1053.506,1745.971,-30.39499999999149
ca24948aac35447a829d3070a98af3f5,1537297573898575,0.0,1025.496,1760.721,0.0
ca24948aac35447a829d3070a98af3f5,1537297574398457,0.0,1025.496,1760.721,0.0
ca24948aac35447a829d3070a98af3f5,1537297574898882,0.0,1025.496,1760.721,0.0
ca24948aac35447a829d3070a98af3f5,1537297575448535,0.0,1025.496,1760.721,0.0
ca24948aac35447a829d3070a98af3f5,1537297575948965,0.0,1025.496,1760.721,0.0
ca24948aac35447a829d3070a98af3f5,1537297576448825,0.0,1025.496,1760.721,0.0
ca24948aac35447a829d3070a98af3f5,1537297576948709,0.0,1025.496,1760.721,0.0
ca24948aac35447a829d3070a98af3f5,1537297577548663,0.0,1025.496,1760.721,0.0
ca24948aac35447a829d3070a98af3f5,1537297578048554,0.0,1025.496,1760.721,-29.75700000003754
ca24948aac35447a829d3070a98af3f5,1537297578548431,0.0,1025.496,1760.721,-29.75700000003754
ca24948aac35447a829d3070a98af3f5,1537297578948224,0.0,1025.496,1760.721,-29.75700000003754
ca24948aac35447a829d3070a98af3f5,1537297579448079,0.0,1025.496,1760.721,-29.75700000003754
ca24948aac35447a829d3070a98af3f5,1537297579948516,0.0249324059667368,1025.496,1760.721,-29.75700000003754
ca24948aac35447a829d3070a98af3f5,1537297580449565,0.0499847190523432,1025.496,1760.721,-29.75700000003754
ca24948aac35447a829d3070a98af3f5,1537297580948828,0.0340489831196804,1025.496,1760.721,-29.75700000003754
ca24948aac35447a829d3070a98af3f5,1537297581448698,0.0190043929496226,1025.496,1760.721,-29.75700000003754
ca24948aac35447a829d3070a98af3f5,1537297581948594,0.019993794732062,1025.496,1760.721,-29.75700000003754
ca24948aac35447a829d3070a98af3f5,1537297582449009,0.0199937326537159,1025.496,1760.721,-29.75700000003754
ca24948aac35447a829d3070a98af3f5,1537297582948908,0.0200047600200038,1025.496,1760.721,-29.75700000003754
ca24948aac35447a829d3070a98af3f5,1537297583448771,0.0599402110135002,1025.496,1760.721,-29.75700000003754
ca24948aac35447a829d3070a98af3f5,1537297583949179,0.099918479672089,1025.496,1760.721,-29.75700000003754
cd5e373983894a779cf9f2b985dc49ea,1537297573898575,0.0683974281345939,1076.737,1731.301,-28.214999998407176
cd5e373983894a779cf9f2b985dc49ea,1537297574398457,0.0686953927526602,1076.755,1731.299,-28.214999998407176
cd5e373983894a779cf9f2b985dc49ea,1537297574898882,0.0684918648111977,1076.772,1731.297,-28.214999998407176
cd5e373983894a779cf9f2b985dc49ea,1537297575448535,0.0684914833113236,1076.791,1731.294,-28.214999998407176
cd5e373983894a779cf9f2b985dc49ea,1537297575948965,0.0681921900195212,1076.808,1731.292,-28.214999998407176
cd5e373983894a779cf9f2b985dc49ea,1537297576448825,0.1150448471561159,1076.825,1731.29,-28.214999998407176
cd5e373983894a779cf9f2b985dc49ea,1537297576948709,0.1095079016904648,1076.713,1731.35,-28.214999998407176
cd5e373983894a779cf9f2b985dc49ea,1537297577548663,0.0638065688888649,1076.747,1731.332,-28.214999998407176
cd5e373983894a779cf9f2b985dc49ea,1537297578048554,0.0480217239320573,1076.775,1731.317,-28.214999998407176
cd5e373983894a779cf9f2b985dc49ea,1537297578548431,0.0709167526960079,1076.775,1731.317,-28.214999998407176
cd5e373983894a779cf9f2b985dc49ea,1537297578948224,0.0709181785484347,1076.775,1731.317,-28.214999998407176
cd5e373983894a779cf9f2b985dc49ea,1537297579448079,0.0470153901486214,1076.775,1731.317,-28.214999998407176
cd5e373983894a779cf9f2b985dc49ea,1537297579948516,0.0209700805378332,1076.775,1731.317,-28.214999998407176
cd5e373983894a779cf9f2b985dc49ea,1537297580449565,0.0209971517719966,1076.775,1731.317,-28.214999998407176
cd5e373983894a779cf9f2b985dc49ea,1537297580948828,0.0550076284826814,1076.775,1731.317,-28.214999998407176
cd5e373983894a779cf9f2b985dc49ea,1537297581448698,0.0880205871331116,1076.775,1731.317,-28.214999998407176
cd5e373983894a779cf9f2b985dc49ea,1537297581948594,0.0879726968210727,1076.775,1731.317,-28.214999998407176
cd5e373983894a779cf9f2b985dc49ea,1537297582449009,0.0060950104502084,1076.775,1731.317,-28.214999998407176
cd5e373983894a779cf9f2b985dc49ea,1537297582948908,0.0500082743624026,1076.775,1731.317,-28.214999998407176
cd5e373983894a779cf9f2b985dc49ea,1537297583448771,0.0,1076.775,1731.317,-28.214999998407176
cd5e373983894a779cf9f2b985dc49ea,1537297583949179,0.0,1076.775,1731.317,-28.214999998407176
d1992d31bcee4b659391463f68ae6b9b,1537297573898575,0.0,1006.553,1790.407,0.0
d1992d31bcee4b659391463f68ae6b9b,1537297574398457,0.0,1006.553,1790.407,0.0
d1992d31bcee4b659391463f68ae6b9b,1537297574898882,0.0,1006.553,1790.407,147.18400000007958
d1992d31bcee4b659391463f68ae6b9b,1537297575448535,0.0784481640583807,1006.553,1790.407,147.18400000007958
d1992d31bcee4b659391463f68ae6b9b,1537297575948965,0.1499566225421977,1006.553,1790.407,147.18400000007958
d1992d31bcee4b659391463f68ae6b9b,1537297576448825,0.0450166353168359,1006.553,1790.407,147.18400000007958
d1992d31bcee4b659391463f68ae6b9b,1537297576948709,0.0600096825039658,1006.553,1790.407,147.18400000007958
d1992d31bcee4b659391463f68ae6b9b,1537297577548663,0.0600092296776724,1006.553,1790.407,147.18400000007958
d1992d31bcee4b659391463f68ae6b9b,1537297578048554,0.0600139221300768,1006.553,1790.407,147.18400000007958
d1992d31bcee4b659391463f68ae6b9b,1537297578548431,0.0600238105659793,1006.553,1790.407,147.18400000007958
d1992d31bcee4b659391463f68ae6b9b,1537297578948224,0.0111280894090186,1006.553,1790.407,147.18400000007958
d1992d31bcee4b659391463f68ae6b9b,1537297579448079,0.0499854468524874,1006.553,1790.407,147.18400000007958
d1992d31bcee4b659391463f68ae6b9b,1537297579948516,0.0499258563102325,1006.553,1790.407,147.18400000007958
d1992d31bcee4b659391463f68ae6b9b,1537297580449565,0.049984719052343,1006.553,1790.407,147.18400000007958
d1992d31bcee4b659391463f68ae6b9b,1537297580948828,0.0750347251853873,1006.553,1790.407,147.18400000007958
d1992d31bcee4b659391463f68ae6b9b,1537297581448698,0.0520146611035505,1006.553,1790.407,147.18400000007958
d1992d31bcee4b659391463f68ae6b9b,1537297581948594,0.0049974117299533,1006.553,1790.407,147.18400000007958
d1992d31bcee4b659391463f68ae6b9b,1537297582449009,0.0059981197961147,1006.553,1790.407,147.18400000007958
d1992d31bcee4b659391463f68ae6b9b,1537297582948908,0.0050011174912489,1006.553,1790.407,147.18400000007958
d1992d31bcee4b659391463f68ae6b9b,1537297583448771,0.0549295778379859,1006.553,1790.407,147.18400000007958
d1992d31bcee4b659391463f68ae6b9b,1537297583949179,0.1059135884524143,1006.553,1790.407,147.18400000007958
de2e4e09e2ed42888086bd5372d37110,1537297573898575,0.0320075548837981,1073.077,1748.17,146.313000000214
de2e4e09e2ed42888086bd5372d37110,1537297574398457,0.0329888115716089,1073.077,1748.17,146.313000000214
de2e4e09e2ed42888086bd5372d37110,1537297574898882,0.0325211852343028,1073.077,1748.17,146.313000000214
de2e4e09e2ed42888086bd5372d37110,1537297575448535,0.0021877007988371,1073.077,1748.17,146.313000000214
de2e4e09e2ed42888086bd5372d37110,1537297575948965,0.0229922088560186,1073.077,1748.17,146.313000000214
de2e4e09e2ed42888086bd5372d37110,1537297576448825,0.0230058422890975,1073.077,1748.17,146.313000000214
de2e4e09e2ed42888086bd5372d37110,1537297576948709,0.024458414979018,1073.077,1748.17,146.313000000214
de2e4e09e2ed42888086bd5372d37110,1537297577548663,0.0159167858791592,1073.077,1748.17,146.313000000214
de2e4e09e2ed42888086bd5372d37110,1537297578048554,0.050011601775064,1073.077,1748.17,146.313000000214
de2e4e09e2ed42888086bd5372d37110,1537297578548431,0.0430709672435223,1073.077,1748.17,146.313000000214
de2e4e09e2ed42888086bd5372d37110,1537297578948224,0.0359598027657298,1073.077,1748.17,146.313000000214
de2e4e09e2ed42888086bd5372d37110,1537297579448079,0.0349886499924501,1073.077,1748.17,146.313000000214
de2e4e09e2ed42888086bd5372d37110,1537297579948516,0.0349493203046981,1073.077,1748.17,146.313000000214
de2e4e09e2ed42888086bd5372d37110,1537297580449565,0.0339896089555932,1073.077,1748.17,146.313000000214
de2e4e09e2ed42888086bd5372d37110,1537297580948828,0.0330298727069724,1073.077,1748.17,146.313000000214
de2e4e09e2ed42888086bd5372d37110,1537297581448698,0.0410091237363274,1073.077,1748.17,146.313000000214
de2e4e09e2ed42888086bd5372d37110,1537297581948594,0.0499844868301551,1073.077,1748.17,146.313000000214
de2e4e09e2ed42888086bd5372d37110,1537297582449009,0.0499843316342893,1073.077,1748.17,146.313000000214
de2e4e09e2ed42888086bd5372d37110,1537297582948908,0.0500119000500094,1073.077,1748.17,146.313000000214
de2e4e09e2ed42888086bd5372d37110,1537297583448771,0.0589742544451226,1073.077,1748.17,146.313000000214
de2e4e09e2ed42888086bd5372d37110,1537297583949179,0.0679445661770206,1073.077,1748.17,146.313000000214
de482c8af31d42ac98a45dc9370bc5d8,1537297573898575,0.0,1043.823,1752.236,-29.009999998126496
de482c8af31d42ac98a45dc9370bc5d8,1537297574398457,0.0,1043.823,1752.236,-29.009999998126496
de482c8af31d42ac98a45dc9370bc5d8,1537297574898882,0.0867019187181263,1043.823,1752.236,-29.009999998126496
de482c8af31d42ac98a45dc9370bc5d8,1537297575448535,0.1820919284339625,1043.823,1752.236,-29.009999998126496
de482c8af31d42ac98a45dc9370bc5d8,1537297575948965,0.1158438945111021,1043.745,1752.095,-29.009999998126496
de482c8af31d42ac98a45dc9370bc5d8,1537297576448825,0.1066574747802689,1043.769,1752.139,-29.009999998126496
de482c8af31d42ac98a45dc9370bc5d8,1537297576948709,0.106190380166229,1043.794,1752.183,-29.009999998126496
de482c8af31d42ac98a45dc9370bc5d8,1537297577548663,0.1056878815406145,1043.823,1752.235,-29.009999998126496
de482c8af31d42ac98a45dc9370bc5d8,1537297578048554,0.0594779138190128,1043.847,1752.279,-29.009999998126496
de482c8af31d42ac98a45dc9370bc5d8,1537297578548431,0.0444486851182812,1043.847,1752.279,-29.009999998126496
de482c8af31d42ac98a45dc9370bc5d8,1537297578948224,0.0,1043.847,1752.279,-29.009999998126496
de482c8af31d42ac98a45dc9370bc5d8,1537297579448079,0.0,1043.847,1752.279,-29.009999998126496
de482c8af31d42ac98a45dc9370bc5d8,1537297579948516,0.0,1043.847,1752.279,-29.009999998126496
de482c8af31d42ac98a45dc9370bc5d8,1537297580449565,0.0,1043.847,1752.279,-29.009999998126496
de482c8af31d42ac98a45dc9370bc5d8,1537297580948828,0.0499826122752525,1043.847,1752.279,-29.009999998126496
de482c8af31d42ac98a45dc9370bc5d8,1537297581448698,0.0,1043.847,1752.279,-29.009999998126496
de482c8af31d42ac98a45dc9370bc5d8,1537297581948594,0.0,1043.847,1752.279,-29.009999998126496
de482c8af31d42ac98a45dc9370bc5d8,1537297582449009,0.0851828041874198,1043.847,1752.279,-29.009999998126496
de482c8af31d42ac98a45dc9370bc5d8,1537297582948908,0.1374699332674709,1043.787,1752.313,-29.009999998126496
de482c8af31d42ac98a45dc9370bc5d8,1537297583448771,0.1377914101898421,1043.727,1752.346,-29.009999998126496
de482c8af31d42ac98a45dc9370bc5d8,1537297583949179,0.138595251592295,1043.666,1752.379,-29.009999998126496
ego,1537297573898575,6.243090706336837,1096.5760505016942,1727.6276253707165,148.84859709627295
ego,1537297574398457,6.635885570570302,1093.916630177877,1729.2606990421516,148.72435481909034
ego,1537297574898882,6.707102661158072,1090.9210566557688,1731.104508315174,148.79383780468086
ego,1537297575448535,6.706418245861669,1087.9526139644468,1732.943993699167,148.89103870989672
ego,1537297575948965,6.566139918811314,1084.9433366022522,1734.7643248239292,149.0365078949482
ego,1537297576448825,6.664970917512068,1082.3447994202152,1736.3643047119745,149.06128601572635
ego,1537297576948709,7.173340427699362,1079.273972918676,1738.2654345377994,149.04057916980346
ego,1537297577548663,6.722415368729779,1075.645144771344,1740.509125571228,148.8001164285935
ego,1537297578048554,6.98723336041594,1072.9288633580718,1742.1979929144668,148.6378325142027
ego,1537297578548431,7.2325873887732754,1069.7180613514874,1744.2061827845737,148.37813291173595
ego,1537297578948224,7.289267720064529,1067.3759571316,1745.7071607576024,148.09876775320666
ego,1537297579448079,7.1964289285181975,1064.1363584949409,1747.7884490784618,147.9069534803591
ego,1537297579948516,7.380942260924377,1061.3246478119609,1749.604849811685,147.78023657069963
ego,1537297580449565,8.141726518520752,1057.921884943764,1751.792593638992,147.75936690892874
ego,1537297580948828,7.586817680246587,1054.4794832023276,1754.0172039169674,147.62605552202962
ego,1537297581448698,7.538034257960986,1051.562704742612,1755.9168404237926,147.6780791809012
ego,1537297581948594,7.417619586992249,1048.140780039159,1758.093559639868,147.89889109347743
ego,1537297582449009,7.319636692401687,1045.3081204087307,1759.9074246738992,147.914168928257
ego,1537297582948908,7.920666202560559,1041.976477085023,1762.0436325251112,147.7699753514142
ego,1537297583448771,7.386614731848549,1038.6402979540062,1764.1791035731603,147.6901241405884
ego,1537297583949179,6.848277881567806,1035.7494702988663,1766.0194791944182,147.7918639524722
f5c71ac3a48e495283aacee78e53d195,1537297573898575,0.9906993850358748,962.816,1808.413,-38.983000000023225
f5c71ac3a48e495283aacee78e53d195,1537297574398457,1.5174288852919997,963.2087305649836,1808.111307768189,-35.99916787959634
f5c71ac3a48e495283aacee78e53d195,1537297574898882,2.8430904925842087,964.0526381514748,1807.5318250196324,-33.511189039793166
f5c71ac3a48e495283aacee78e53d195,1537297575448535,4.759680445812611,965.7729409902676,1806.4270532569303,-32.178172356223776
f5c71ac3a48e495283aacee78e53d195,1537297575948965,6.697744720026101,968.1999947064144,1804.9218879852567,-31.52724062230798
f5c71ac3a48e495283aacee78e53d195,1537297576448825,8.6331720039546,971.4833256394808,1802.925314896644,-31.12600841213346
f5c71ac3a48e495283aacee78e53d195,1537297576948709,10.39987501732891,975.5885783632458,1800.4605967127338,-30.85865397302164
f5c71ac3a48e495283aacee78e53d195,1537297577548663,12.148536615108403,981.459551611472,1796.9692301469354,-30.6397378791574
f5c71ac3a48e495283aacee78e53d195,1537297578048554,13.19162230430434,986.9620675477088,1793.718799418245,-30.51056944090864
f5c71ac3a48e495283aacee78e53d195,1537297578548431,13.7828401679174,992.8215955169562,1790.272826164506,-30.414092642697494
f5c71ac3a48e495283aacee78e53d195,1537297578948224,13.891799353033193,997.625886534942,1787.4560565258355,-30.354769180800265
f5c71ac3a48e495283aacee78e53d195,1537297579448079,13.56749911040464,1003.5990140144304,1783.9621022340268,-30.298774431366624
f5c71ac3a48e495283aacee78e53d195,1537297579948516,12.785455200763744,1009.3428632127246,1780.6085601768048,-30.26075522582611
f5c71ac3a48e495283aacee78e53d195,1537297580449565,11.576755344953444,1014.6577883207374,1777.509067935919,-30.24078139475529
f5c71ac3a48e495283aacee78e53d195,1537297580948828,10.026117461223254,1019.3491039359868,1774.7743401462226,-30.24196071029844
f5c71ac3a48e495283aacee78e53d195,1537297581448698,8.233888923254844,1023.3106630486404,1772.4636851964706,-30.27239341177516
f5c71ac3a48e495283aacee78e53d195,1537297581948594,6.337614919406541,1026.4582243871537,1770.6240608868502,-30.350637801207984
f5c71ac3a48e495283aacee78e53d195,1537297582449009,4.500157847124881,1028.780387507809,1769.2605802072255,-30.519408423035188
f5c71ac3a48e495283aacee78e53d195,1537297582948908,2.9190670725613064,1030.336997653099,1768.337702051317,-30.876733300126038
f5c71ac3a48e495283aacee78e53d195,1537297583448771,1.8152901185420989,1031.2857854484082,1767.763858545066,-31.58166396837996
f5c71ac3a48e495283aacee78e53d195,1537297583949179,1.411961889283344,1031.885303556211,1767.389959177838,-32.208136047528306
fb682ab4f1844a08a4d2e7aa384a0ece,1537297573898575,1.132502267433766,1142.326,1699.334,149.542000000319
fb682ab4f1844a08a4d2e7aa384a0ece,1537297574398457,1.1712639633325574,1141.846,1699.617,149.542000000319
fb682ab4f1844a08a4d2e7aa384a0ece,1537297574898882,0.9911260554041612,1141.407,1699.971,149.542000000319
fb682ab4f1844a08a4d2e7aa384a0ece,1537297575448535,1.0266554527833796,1141.032,1700.192,149.542000000319
fb682ab4f1844a08a4d2e7aa384a0ece,1537297575948965,1.2673563555380765,1140.488,1700.49,147.54200000031898
fb682ab4f1844a08a4d2e7aa384a0ece,1537297576448825,1.312049611992703,1139.974,1700.844,147.54200000031898
fb682ab4f1844a08a4d2e7aa384a0ece,1537297576948709,1.2491501045306026,1139.483,1701.232,147.54200000031898
fb682ab4f1844a08a4d2e7aa384a0ece,1537297577548663,2.521857751978648,1138.767,1701.5,147.54200000031898
fb682ab4f1844a08a4d2e7aa384a0ece,1537297578048554,3.581521456035239,1137.299,1702.523,147.54200000031898
fb682ab4f1844a08a4d2e7aa384a0ece,1537297578548431,3.5765817973970964,1135.845,1703.569,147.54200000031898
fb682ab4f1844a08a4d2e7aa384a0ece,1537297578948224,3.45204818891231,1134.608,1704.288,147.54200000031898
fb682ab4f1844a08a4d2e7aa384a0ece,1537297579448079,3.297988594648764,1133.254,1705.23,147.54200000031898
fb682ab4f1844a08a4d2e7aa384a0ece,1537297579948516,4.134586780189715,1131.838,1706.079,147.54200000031898
fb682ab4f1844a08a4d2e7aa384a0ece,1537297580449565,4.971229262771171,1129.773,1707.472,147.54200000031898
fb682ab4f1844a08a4d2e7aa384a0ece,1537297580948828,4.248207863819192,1127.596,1708.672,147.54200000031898
fb682ab4f1844a08a4d2e7aa384a0ece,1537297581448698,3.5194604928933173,1126.104,1709.602,147.54200000031898
fb682ab4f1844a08a4d2e7aa384a0ece,1537297581948594,3.518080860103788,1124.687,1710.649,147.54200000031898
fb682ab4f1844a08a4d2e7aa384a0ece,1537297582449009,3.6046940841519337,1123.148,1711.509,147.54200000031898
fb682ab4f1844a08a4d2e7aa384a0ece,1537297582948908,3.685789568884715,1121.58,1712.476,147.54200000031898
fb682ab4f1844a08a4d2e7aa384a0ece,1537297583448771,3.685289867419714,1120.013,1713.443,147.54200000031898
fb682ab4f1844a08a4d2e7aa384a0ece,1537297583949179,3.685507716977578,1118.444,1714.411,147.54200000031898
